server=1
txindex=1
daemon=0
maxconnections=10
rpcbind=0.0.0.0
rpcallowip=0.0.0.0/0
rpcuser=devuser
rpcpassword=devpass
minrelaytxfee=0.00000000
incrementalrelayfee=0.00000010
assumevalid=00000000000000000007eed878624a29fb4ef29b49e3e0080313be104f0d9088
zmqpubrawblock=tcp://0.0.0.0:28332
zmqpubrawtx=tcp://0.0.0.0:28333
